0.000000000000000000e+00
1.559454191033138315e+01
3.118908382066276630e+01
4.678362573099414590e+01
6.237816764132553260e+01
7.797270955165691930e+01
9.356725146198829179e+01
1.091617933723196785e+02
1.247563352826510652e+02
1.403508771929824377e+02
1.559454191033138386e+02
1.715399610136452111e+02
1.871345029239765836e+02
2.027290448343079845e+02
2.183235867446393570e+02
2.339181286549707579e+02
2.495126705653021304e+02
2.651072124756335029e+02
2.807017543859648754e+02
2.962962962962963047e+02
3.118908382066276772e+02
3.274853801169590497e+02
3.430799220272904222e+02
3.586744639376217947e+02
3.742690058479531672e+02
3.898635477582845965e+02
4.054580896686159690e+02
4.210526315789473415e+02
4.366471734892787140e+02
4.522417153996100865e+02
4.678362573099415158e+02
4.834307992202728883e+02
4.990253411306042608e+02
5.146198830409356333e+02
5.302144249512670058e+02
5.458089668615983783e+02
5.614035087719297508e+02
5.769980506822611233e+02
5.925925925925926094e+02
6.081871345029239819e+02
6.237816764132553544e+02
6.393762183235867269e+02
6.549707602339180994e+02
6.705653021442494719e+02
6.861598440545808444e+02
7.017543859649122169e+02
7.173489278752435894e+02
7.329434697855749619e+02
7.485380116959063344e+02
7.641325536062378205e+02
7.797270955165691930e+02
7.953216374269005655e+02
8.109161793372319380e+02
8.265107212475633105e+02
8.421052631578946830e+02
8.576998050682260555e+02
8.732943469785574280e+02
8.888888888888888005e+02
9.044834307992201730e+02
9.200779727095516591e+02
9.356725146198830316e+02
9.512670565302144041e+02
9.668615984405457766e+02
9.824561403508771491e+02
9.980506822612085216e+02
1.013645224171539894e+03
1.029239766081871267e+03
1.044834307992202639e+03
1.060428849902534012e+03
1.076023391812865384e+03
1.091617933723196757e+03
1.107212475633528129e+03
1.122807017543859502e+03
1.138401559454190874e+03
1.153996101364522247e+03
1.169590643274853846e+03
1.185185185185185219e+03
1.200779727095516591e+03
1.216374269005847964e+03
1.231968810916179336e+03
1.247563352826510709e+03
1.263157894736842081e+03
1.278752436647173454e+03
1.294346978557504826e+03
1.309941520467836199e+03
1.325536062378167571e+03
1.341130604288498944e+03
1.356725146198830316e+03
1.372319688109161689e+03
1.387914230019493061e+03
1.403508771929824434e+03
1.419103313840155806e+03
1.434697855750487179e+03
1.450292397660818551e+03
1.465886939571149924e+03
1.481481481481481296e+03
1.497076023391812669e+03
1.512670565302144269e+03
1.528265107212475641e+03
1.543859649122807014e+03
1.559454191033138386e+03
1.575048732943469759e+03
1.590643274853801131e+03
1.606237816764132504e+03
1.621832358674463876e+03
1.637426900584795249e+03
1.653021442495126621e+03
1.668615984405457993e+03
1.684210526315789366e+03
1.699805068226120738e+03
1.715399610136452111e+03
1.730994152046783483e+03
1.746588693957114856e+03
1.762183235867446228e+03
1.777777777777777601e+03
1.793372319688108973e+03
1.808966861598440346e+03
1.824561403508771718e+03
1.840155945419103318e+03
1.855750487329434691e+03
1.871345029239766063e+03
1.886939571150097436e+03
1.902534113060428808e+03
1.918128654970760181e+03
1.933723196881091553e+03
1.949317738791422926e+03
1.964912280701754298e+03
1.980506822612085671e+03
1.996101364522417043e+03
2.011695906432748416e+03
2.027290448343079788e+03
2.042884990253411161e+03
2.058479532163742533e+03
2.074074074074073906e+03
2.089668615984405278e+03
2.105263157894736651e+03
2.120857699805068023e+03
2.136452241715399396e+03
2.152046783625730768e+03
2.167641325536062141e+03
2.183235867446393513e+03
2.198830409356724886e+03
2.214424951267056258e+03
2.230019493177387631e+03
2.245614035087719003e+03
2.261208576998050376e+03
2.276803118908381748e+03
2.292397660818713121e+03
2.307992202729044493e+03
2.323586744639375866e+03
2.339181286549707693e+03
2.354775828460039065e+03
2.370370370370370438e+03
2.385964912280701810e+03
2.401559454191033183e+03
2.417153996101364555e+03
2.432748538011695928e+03
2.448343079922027300e+03
2.463937621832358673e+03
2.479532163742690045e+03
2.495126705653021418e+03
2.510721247563352790e+03
2.526315789473684163e+03
2.541910331384015535e+03
2.557504873294346908e+03
2.573099415204678280e+03
2.588693957115009653e+03
2.604288499025341025e+03
2.619883040935672398e+03
2.635477582846003770e+03
2.651072124756335143e+03
2.666666666666666515e+03
2.682261208576997888e+03
2.697855750487329260e+03
2.713450292397660633e+03
2.729044834307992005e+03
2.744639376218323378e+03
2.760233918128654750e+03
2.775828460038986123e+03
2.791423001949317495e+03
2.807017543859648868e+03
2.822612085769980240e+03
2.838206627680311612e+03
2.853801169590642985e+03
2.869395711500974357e+03
2.884990253411305730e+03
2.900584795321637102e+03
2.916179337231968475e+03
2.931773879142299847e+03
2.947368421052631220e+03
2.962962962962962592e+03
2.978557504873293965e+03
2.994152046783625337e+03
3.009746588693957165e+03
3.025341130604288537e+03
3.040935672514619910e+03
3.056530214424951282e+03
3.072124756335282655e+03
3.087719298245614027e+03
3.103313840155945400e+03
3.118908382066276772e+03
3.134502923976608145e+03
3.150097465886939517e+03
3.165692007797270890e+03
3.181286549707602262e+03
3.196881091617933635e+03
3.212475633528265007e+03
3.228070175438596380e+03
3.243664717348927752e+03
3.259259259259259125e+03
3.274853801169590497e+03
3.290448343079921870e+03
3.306042884990253242e+03
3.321637426900584614e+03
3.337231968810915987e+03
3.352826510721247359e+03
3.368421052631578732e+03
3.384015594541910104e+03
3.399610136452241477e+03
3.415204678362572849e+03
3.430799220272904222e+03
3.446393762183235594e+03
3.461988304093566967e+03
3.477582846003898339e+03
3.493177387914229712e+03
3.508771929824561084e+03
3.524366471734892457e+03
3.539961013645223829e+03
3.555555555555555202e+03
3.571150097465886574e+03
3.586744639376217947e+03
3.602339181286549319e+03
3.617933723196880692e+03
3.633528265107212064e+03
3.649122807017543437e+03
3.664717348927875264e+03
3.680311890838206637e+03
3.695906432748538009e+03
3.711500974658869382e+03
3.727095516569200754e+03
3.742690058479532127e+03
3.758284600389863499e+03
3.773879142300194871e+03
3.789473684210526244e+03
3.805068226120857616e+03
3.820662768031188989e+03
3.836257309941520361e+03
3.851851851851851734e+03
3.867446393762183106e+03
3.883040935672514479e+03
3.898635477582845851e+03
3.914230019493177224e+03
3.929824561403508596e+03
3.945419103313839969e+03
3.961013645224171341e+03
3.976608187134502714e+03
3.992202729044834086e+03
4.007797270955165459e+03
4.023391812865496831e+03
4.038986354775828204e+03
4.054580896686159576e+03
4.070175438596490949e+03
4.085769980506822321e+03
4.101364522417154149e+03
4.116959064327485066e+03
4.132553606237816894e+03
4.148148148148147811e+03
4.163742690058479639e+03
4.179337231968810556e+03
4.194931773879142384e+03
4.210526315789473301e+03
4.226120857699805129e+03
4.241715399610136046e+03
4.257309941520467873e+03
4.272904483430798791e+03
4.288499025341130618e+03
4.304093567251461536e+03
4.319688109161793363e+03
4.335282651072124281e+03
4.350877192982456108e+03
4.366471734892787026e+03
4.382066276803118853e+03
4.397660818713449771e+03
4.413255360623781598e+03
4.428849902534112516e+03
4.444444444444444343e+03
4.460038986354775261e+03
4.475633528265107088e+03
4.491228070175438006e+03
4.506822612085769833e+03
4.522417153996100751e+03
4.538011695906432578e+03
4.553606237816763496e+03
4.569200779727095323e+03
4.584795321637426241e+03
4.600389863547758068e+03
4.615984405458088986e+03
4.631578947368420813e+03
4.647173489278751731e+03
4.662768031189083558e+03
4.678362573099415386e+03
4.693957115009746303e+03
4.709551656920078130e+03
4.725146198830409048e+03
4.740740740740740875e+03
4.756335282651071793e+03
4.771929824561403620e+03
4.787524366471734538e+03
4.803118908382066365e+03
4.818713450292397283e+03
4.834307992202729110e+03
4.849902534113060028e+03
4.865497076023391855e+03
4.881091617933722773e+03
4.896686159844054600e+03
4.912280701754385518e+03
4.927875243664717345e+03
4.943469785575048263e+03
4.959064327485380090e+03
4.974658869395711008e+03
4.990253411306042835e+03
5.005847953216373753e+03
5.021442495126705580e+03
5.037037037037036498e+03
5.052631578947368325e+03
5.068226120857699243e+03
5.083820662768031070e+03
5.099415204678361988e+03
5.115009746588693815e+03
5.130604288499024733e+03
5.146198830409356560e+03
5.161793372319687478e+03
5.177387914230019305e+03
5.192982456140350223e+03
5.208576998050682050e+03
5.224171539961012968e+03
5.239766081871344795e+03
5.255360623781675713e+03
5.270955165692007540e+03
5.286549707602338458e+03
5.302144249512670285e+03
5.317738791423001203e+03
5.333333333333333030e+03
5.348927875243664857e+03
5.364522417153995775e+03
5.380116959064327602e+03
5.395711500974658520e+03
5.411306042884990347e+03
5.426900584795321265e+03
5.442495126705653092e+03
5.458089668615984010e+03
5.473684210526315837e+03
5.489278752436646755e+03
5.504873294346978582e+03
5.520467836257309500e+03
5.536062378167641327e+03
5.551656920077972245e+03
5.567251461988304072e+03
5.582846003898634990e+03
5.598440545808966817e+03
5.614035087719297735e+03
5.629629629629629562e+03
5.645224171539960480e+03
5.660818713450292307e+03
5.676413255360623225e+03
5.692007797270955052e+03
5.707602339181285970e+03
5.723196881091617797e+03
5.738791423001948715e+03
5.754385964912280542e+03
5.769980506822611460e+03
5.785575048732943287e+03
5.801169590643274205e+03
5.816764132553606032e+03
5.832358674463936950e+03
5.847953216374268777e+03
5.863547758284599695e+03
5.879142300194931522e+03
5.894736842105262440e+03
5.910331384015594267e+03
5.925925925925925185e+03
5.941520467836257012e+03
5.957115009746587930e+03
5.972709551656919757e+03
5.988304093567250675e+03
6.003898635477582502e+03
6.019493177387914329e+03
6.035087719298245247e+03
6.050682261208577074e+03
6.066276803118907992e+03
6.081871345029239819e+03
6.097465886939570737e+03
6.113060428849902564e+03
6.128654970760233482e+03
6.144249512670565309e+03
6.159844054580896227e+03
6.175438596491228054e+03
6.191033138401558972e+03
6.206627680311890799e+03
6.222222222222221717e+03
6.237816764132553544e+03
6.253411306042884462e+03
6.269005847953216289e+03
6.284600389863547207e+03
6.300194931773879034e+03
6.315789473684209952e+03
6.331384015594541779e+03
6.346978557504872697e+03
6.362573099415204524e+03
6.378167641325535442e+03
6.393762183235867269e+03
6.409356725146198187e+03
6.424951267056530014e+03
6.440545808966860932e+03
6.456140350877192759e+03
6.471734892787523677e+03
6.487329434697855504e+03
6.502923976608186422e+03
6.518518518518518249e+03
6.534113060428849167e+03
6.549707602339180994e+03
6.565302144249511912e+03
6.580896686159843739e+03
6.596491228070174657e+03
6.612085769980506484e+03
6.627680311890837402e+03
6.643274853801169229e+03
6.658869395711501056e+03
6.674463937621831974e+03
6.690058479532163801e+03
6.705653021442494719e+03
6.721247563352826546e+03
6.736842105263157464e+03
6.752436647173489291e+03
6.768031189083820209e+03
6.783625730994152036e+03
6.799220272904482954e+03
6.814814814814814781e+03
6.830409356725145699e+03
6.846003898635477526e+03
6.861598440545808444e+03
6.877192982456140271e+03
6.892787524366471189e+03
6.908382066276803016e+03
6.923976608187133934e+03
6.939571150097465761e+03
6.955165692007796679e+03
6.970760233918128506e+03
6.986354775828459424e+03
7.001949317738791251e+03
7.017543859649122169e+03
7.033138401559453996e+03
7.048732943469784914e+03
7.064327485380116741e+03
7.079922027290447659e+03
7.095516569200779486e+03
7.111111111111110404e+03
7.126705653021442231e+03
7.142300194931773149e+03
7.157894736842104976e+03
7.173489278752435894e+03
7.189083820662767721e+03
7.204678362573098639e+03
7.220272904483430466e+03
7.235867446393761384e+03
7.251461988304093211e+03
7.267056530214424129e+03
7.282651072124755956e+03
7.298245614035086874e+03
7.313840155945418701e+03
7.329434697855750528e+03
7.345029239766081446e+03
7.360623781676413273e+03
7.376218323586744191e+03
7.391812865497076018e+03
7.407407407407406936e+03
7.423001949317738763e+03
7.438596491228069681e+03
7.454191033138401508e+03
7.469785575048732426e+03
7.485380116959064253e+03
7.500974658869395171e+03
7.516569200779726998e+03
7.532163742690057916e+03
7.547758284600389743e+03
7.563352826510720661e+03
7.578947368421052488e+03
7.594541910331383406e+03
7.610136452241715233e+03
7.625730994152046151e+03
7.641325536062377978e+03
7.656920077972708896e+03
7.672514619883040723e+03
7.688109161793371641e+03
7.703703703703703468e+03
7.719298245614034386e+03
7.734892787524366213e+03
7.750487329434697131e+03
7.766081871345028958e+03
7.781676413255359876e+03
7.797270955165691703e+03
7.812865497076022621e+03
7.828460038986354448e+03
7.844054580896685366e+03
7.859649122807017193e+03
7.875243664717348111e+03
7.890838206627679938e+03
7.906432748538010856e+03
7.922027290448342683e+03
7.937621832358673601e+03
7.953216374269005428e+03
7.968810916179336346e+03
7.992202729044834086e+03
