3.200000000000000067e-02
6.387500000000000122e-02
9.581249999999999489e-02
1.277500000000000024e-01
1.596875000000000100e-01
1.916249999999999898e-01
2.235000000000000042e-01
2.554374999999999840e-01
2.873749999999999916e-01
3.193124999999999991e-01
3.512500000000000067e-01
3.831875000000000142e-01
4.150625000000000009e-01
4.470000000000000084e-01
4.789375000000000160e-01
5.108749999999999680e-01
5.428125000000000311e-01
5.746875000000000178e-01
6.066249999999999698e-01
6.385625000000000329e-01
6.704999999999999849e-01
7.024375000000000480e-01
7.343750000000000000e-01
7.662499999999999867e-01
7.981875000000000497e-01
8.301250000000000018e-01
8.620624999999999538e-01
8.940000000000000169e-01
9.259374999999999689e-01
9.578124999999999556e-01
9.897500000000000187e-01
1.021687500000000082e+00
1.053625000000000034e+00
1.085562499999999986e+00
1.117437500000000083e+00
1.149375000000000036e+00
1.181312499999999988e+00
1.213249999999999940e+00
1.245187499999999892e+00
1.277125000000000066e+00
1.308999999999999941e+00
1.340937499999999893e+00
1.372875000000000068e+00
1.404812500000000020e+00
1.436749999999999972e+00
1.468687499999999924e+00
1.500562500000000021e+00
1.532499999999999973e+00
1.564437499999999925e+00
1.596375000000000099e+00
1.628312500000000052e+00
1.660187499999999927e+00
1.692125000000000101e+00
1.724062500000000053e+00
1.756000000000000005e+00
1.787937499999999957e+00
1.819874999999999909e+00
1.851750000000000007e+00
1.883687499999999959e+00
1.915624999999999911e+00
1.947562500000000085e+00
1.979500000000000037e+00
2.011375000000000135e+00
2.043312499999999865e+00
2.075250000000000039e+00
2.107187500000000213e+00
2.139124999999999943e+00
2.171062500000000117e+00
2.202937499999999993e+00
2.234875000000000167e+00
2.266812499999999897e+00
2.298750000000000071e+00
2.330687499999999801e+00
2.362624999999999975e+00
2.394499999999999851e+00
2.426437500000000025e+00
2.458375000000000199e+00
2.490312499999999929e+00
2.522250000000000103e+00
2.554124999999999979e+00
2.586062500000000153e+00
2.617999999999999883e+00
2.649937500000000057e+00
2.681874999999999787e+00
2.713812499999999961e+00
2.745687499999999837e+00
2.777625000000000011e+00
2.809562500000000185e+00
2.841499999999999915e+00
2.873437500000000089e+00
2.905374999999999819e+00
2.937250000000000139e+00
2.969187499999999869e+00
3.001125000000000043e+00
3.033062500000000217e+00
3.064999999999999947e+00
3.096874999999999822e+00
3.128812499999999996e+00
3.160750000000000171e+00
3.192687499999999901e+00
3.224625000000000075e+00
3.256562499999999805e+00
3.288437500000000124e+00
3.320374999999999854e+00
3.352312500000000028e+00
3.384250000000000203e+00
3.416187499999999932e+00
3.448125000000000107e+00
3.479999999999999982e+00
3.511937500000000156e+00
3.543874999999999886e+00
3.575812500000000060e+00
3.607749999999999790e+00
3.639625000000000110e+00
3.671562499999999840e+00
3.703500000000000014e+00
3.735437500000000188e+00
3.767374999999999918e+00
3.799312500000000092e+00
3.831187499999999968e+00
3.863125000000000142e+00
3.895062499999999872e+00
3.927000000000000046e+00
3.958937500000000220e+00
3.990812500000000096e+00
4.022750000000000270e+00
4.054687500000000000e+00
4.086624999999999730e+00
4.118562500000000348e+00
4.150500000000000078e+00
4.182375000000000398e+00
4.214312500000000128e+00
4.246249999999999858e+00
4.278187499999999588e+00
4.310125000000000206e+00
4.342062499999999936e+00
4.373937500000000256e+00
4.405874999999999986e+00
4.437812499999999716e+00
4.469750000000000334e+00
4.501687500000000064e+00
4.533562500000000384e+00
4.565500000000000114e+00
4.597437499999999844e+00
4.629374999999999574e+00
4.661312500000000192e+00
4.693249999999999922e+00
4.725125000000000242e+00
4.757062499999999972e+00
4.788999999999999702e+00
4.820937500000000320e+00
4.852875000000000050e+00
4.884812499999999780e+00
4.916687500000000099e+00
4.948624999999999829e+00
4.980562499999999559e+00
5.012500000000000178e+00
5.044437499999999908e+00
5.076312500000000227e+00
5.108249999999999957e+00
5.140187499999999687e+00
5.172125000000000306e+00
5.204062500000000036e+00
5.235999999999999766e+00
5.267875000000000085e+00
5.299812499999999815e+00
5.331750000000000433e+00
5.363687500000000163e+00
5.395624999999999893e+00
5.427562499999999623e+00
5.459437499999999943e+00
5.491374999999999673e+00
5.523312500000000291e+00
5.555250000000000021e+00
5.587187499999999751e+00
5.619062500000000071e+00
5.650999999999999801e+00
5.682937500000000419e+00
5.714875000000000149e+00
5.746812499999999879e+00
5.778749999999999609e+00
5.810624999999999929e+00
5.842562499999999659e+00
5.874500000000000277e+00
5.906437500000000007e+00
5.938374999999999737e+00
5.970250000000000057e+00
6.002187499999999787e+00
6.034125000000000405e+00
6.066062500000000135e+00
6.097999999999999865e+00
6.129937499999999595e+00
6.161812499999999915e+00
6.193749999999999645e+00
6.225687500000000263e+00
6.257624999999999993e+00
6.289562499999999723e+00
6.321500000000000341e+00
6.353374999999999773e+00
6.385312500000000391e+00
6.417250000000000121e+00
6.449187499999999851e+00
6.481124999999999581e+00
6.512999999999999901e+00
6.544937499999999631e+00
6.576875000000000249e+00
6.608812499999999979e+00
6.640749999999999709e+00
6.672687500000000327e+00
6.704562499999999758e+00
6.736500000000000377e+00
6.768437500000000107e+00
6.800374999999999837e+00
6.832312499999999567e+00
6.864250000000000185e+00
6.896124999999999616e+00
6.928062500000000234e+00
6.959999999999999964e+00
6.991937499999999694e+00
7.023875000000000313e+00
7.055749999999999744e+00
7.087687500000000362e+00
7.119625000000000092e+00
7.151562499999999822e+00
7.183500000000000441e+00
7.215437500000000171e+00
7.247312499999999602e+00
7.279250000000000220e+00
7.311187499999999950e+00
7.343124999999999680e+00
7.375062500000000298e+00
7.407000000000000028e+00
7.438875000000000348e+00
7.470812500000000078e+00
7.502749999999999808e+00
7.534687500000000426e+00
7.566625000000000156e+00
7.598499999999999588e+00
7.630437500000000206e+00
7.662374999999999936e+00
7.694312499999999666e+00
7.726250000000000284e+00
7.758187500000000014e+00
7.790062500000000334e+00
7.822000000000000064e+00
7.853937499999999794e+00
7.885875000000000412e+00
7.917812500000000142e+00
7.949687499999999574e+00
7.981625000000000192e+00
8.013562500000000810e+00
8.045500000000000540e+00
8.077437500000000270e+00
8.109375000000000000e+00
8.141249999999999432e+00
8.173187499999999162e+00
8.205125000000000668e+00
8.237062500000000398e+00
8.269000000000000128e+00
8.300937499999999858e+00
8.332812499999999289e+00
8.364750000000000796e+00
8.396687500000000526e+00
8.428625000000000256e+00
8.460562499999999986e+00
8.492437499999999417e+00
8.524374999999999147e+00
8.556312500000000654e+00
8.588250000000000384e+00
8.620187500000000114e+00
8.652124999999999844e+00
8.683999999999999275e+00
8.715937500000000782e+00
8.747875000000000512e+00
8.779812500000000242e+00
8.811749999999999972e+00
8.843687499999999702e+00
8.875562499999999133e+00
8.907500000000000639e+00
8.939437500000000369e+00
8.971375000000000099e+00
9.003312499999999829e+00
9.035187499999999261e+00
9.067125000000000767e+00
9.099062500000000497e+00
9.131000000000000227e+00
9.162937499999999957e+00
9.194874999999999687e+00
9.226749999999999119e+00
9.258687500000000625e+00
9.290625000000000355e+00
9.322562500000000085e+00
9.354499999999999815e+00
9.386374999999999247e+00
9.418312500000000753e+00
9.450250000000000483e+00
9.482187500000000213e+00
9.514124999999999943e+00
9.546062499999999673e+00
9.577937500000000881e+00
9.609875000000000611e+00
9.641812500000000341e+00
9.673750000000000071e+00
9.705687499999999801e+00
9.737624999999999531e+00
9.769500000000000739e+00
9.801437500000000469e+00
9.833375000000000199e+00
9.865312499999999929e+00
9.897249999999999659e+00
9.929125000000000867e+00
9.961062500000000597e+00
9.993000000000000327e+00
1.002493750000000006e+01
1.005687499999999979e+01
1.008881249999999952e+01
1.012068750000000072e+01
1.015262500000000045e+01
1.018456250000000018e+01
1.021649999999999991e+01
1.024843749999999964e+01
1.028037499999999937e+01
1.031225000000000058e+01
1.034418750000000031e+01
1.037612500000000004e+01
1.040806249999999977e+01
1.043999999999999950e+01
1.047187500000000071e+01
1.050381250000000044e+01
1.053575000000000017e+01
1.056768749999999990e+01
1.059962499999999963e+01
1.063156249999999936e+01
1.066343750000000057e+01
1.069537500000000030e+01
1.072731250000000003e+01
1.075924999999999976e+01
1.079118749999999949e+01
1.082312499999999922e+01
1.085500000000000043e+01
1.088693750000000016e+01
1.091887499999999989e+01
1.095081249999999962e+01
1.098274999999999935e+01
1.101462500000000055e+01
1.104656250000000028e+01
1.107850000000000001e+01
1.111043749999999974e+01
1.114237499999999947e+01
1.117431249999999920e+01
1.120618750000000041e+01
1.123812500000000014e+01
1.127006249999999987e+01
1.130199999999999960e+01
1.133393749999999933e+01
1.136581250000000054e+01
1.139775000000000027e+01
1.142968750000000000e+01
1.146162499999999973e+01
1.149356249999999946e+01
1.152549999999999919e+01
1.155737500000000040e+01
1.158931250000000013e+01
1.162124999999999986e+01
1.165318749999999959e+01
1.168512499999999932e+01
1.171706250000000082e+01
1.174893750000000026e+01
1.178087499999999999e+01
1.181281249999999972e+01
1.184474999999999945e+01
1.187668749999999918e+01
1.190856250000000038e+01
1.194050000000000011e+01
1.197243749999999984e+01
1.200437499999999957e+01
1.203631249999999930e+01
1.206825000000000081e+01
1.210012500000000024e+01
1.213206249999999997e+01
1.216399999999999970e+01
1.219593749999999943e+01
1.222787499999999916e+01
1.225981250000000067e+01
1.229168750000000010e+01
1.232362499999999983e+01
1.235556249999999956e+01
1.238749999999999929e+01
1.241943750000000080e+01
1.245131250000000023e+01
1.248324999999999996e+01
1.251518749999999969e+01
1.254712499999999942e+01
1.257906249999999915e+01
1.261100000000000065e+01
1.264287500000000009e+01
1.267481249999999982e+01
1.270674999999999955e+01
1.273868749999999928e+01
1.277062500000000078e+01
1.280256250000000051e+01
1.283443749999999994e+01
1.286637499999999967e+01
1.289831249999999940e+01
1.293024999999999913e+01
1.296218750000000064e+01
1.299406250000000007e+01
1.302599999999999980e+01
1.305793749999999953e+01
1.308987499999999926e+01
1.312181250000000077e+01
1.315375000000000050e+01
1.318562499999999993e+01
1.321756249999999966e+01
1.324949999999999939e+01
1.328143749999999912e+01
1.331337500000000063e+01
1.334525000000000006e+01
1.337718749999999979e+01
1.340912499999999952e+01
1.344106249999999925e+01
1.347300000000000075e+01
1.350493750000000048e+01
1.353681249999999991e+01
1.356874999999999964e+01
1.360068749999999937e+01
1.363262500000000088e+01
1.366456250000000061e+01
1.369650000000000034e+01
1.372837499999999977e+01
1.376031249999999950e+01
1.379224999999999923e+01
1.382418750000000074e+01
1.385612500000000047e+01
1.388799999999999990e+01
1.391993749999999963e+01
1.395187499999999936e+01
1.398381250000000087e+01
1.401575000000000060e+01
1.404768750000000033e+01
1.407956249999999976e+01
1.411149999999999949e+01
1.414343749999999922e+01
1.417537500000000072e+01
1.420731250000000045e+01
1.423925000000000018e+01
1.427112499999999962e+01
1.430306249999999935e+01
1.433500000000000085e+01
1.436693750000000058e+01
1.439887500000000031e+01
1.443074999999999974e+01
1.446268749999999947e+01
1.449462499999999920e+01
1.452656250000000071e+01
1.455850000000000044e+01
1.459043750000000017e+01
1.462231249999999960e+01
1.465424999999999933e+01
1.468618750000000084e+01
1.471812500000000057e+01
1.475006250000000030e+01
1.478200000000000003e+01
1.481387499999999946e+01
1.484581249999999919e+01
1.487775000000000070e+01
1.490968750000000043e+01
1.494162500000000016e+01
1.497349999999999959e+01
1.500543749999999932e+01
1.503737500000000082e+01
1.506931250000000055e+01
1.510125000000000028e+01
1.513318750000000001e+01
1.516506249999999945e+01
1.519699999999999918e+01
1.522893750000000068e+01
1.526087500000000041e+01
1.529281250000000014e+01
1.532468749999999957e+01
1.535662499999999930e+01
1.538856250000000081e+01
1.542050000000000054e+01
1.545243750000000027e+01
1.548437500000000000e+01
1.551624999999999943e+01
1.554818749999999916e+01
1.558012500000000067e+01
1.561206250000000040e+01
1.564400000000000013e+01
1.567593749999999986e+01
1.570781249999999929e+01
1.573975000000000080e+01
1.577168750000000053e+01
1.580362500000000026e+01
1.583556249999999999e+01
1.586743749999999942e+01
1.589937499999999915e+01
1.593131250000000065e+01
1.596325000000000038e+01
1.599518750000000011e+01
1.602712500000000162e+01
1.605900000000000105e+01
1.609093749999999901e+01
1.612287500000000051e+01
1.615481249999999847e+01
1.618674999999999997e+01
1.621868750000000148e+01
1.625056250000000091e+01
1.628249999999999886e+01
1.631443750000000037e+01
1.634637499999999832e+01
1.637831249999999983e+01
