3.2000e-02
3.6625e-01
7.0050e-01
1.0347e+00
1.3690e+00
1.7032e+00
2.0375e+00
2.3717e+00
2.7060e+00
3.0402e+00
3.3745e+00
3.7087e+00
4.0430e+00
4.3772e+00
4.7115e+00
5.0457e+00
5.3800e+00
5.7142e+00
6.0485e+00
6.3827e+00
6.7170e+00
7.0512e+00
7.3855e+00
7.7197e+00
8.0540e+00
8.3882e+00
8.7225e+00
9.0567e+00
9.3910e+00
9.7252e+00
1.0059e+01
1.0394e+01
1.0728e+01
1.1062e+01
1.1396e+01
1.1731e+01
1.2065e+01
1.2399e+01
1.2733e+01
1.3068e+01
1.3402e+01
1.3736e+01
1.4070e+01
1.4405e+01
1.4739e+01
1.5073e+01
1.5407e+01
1.5742e+01
1.6076e+01
1.6410e+01
